100
11 5 16 5 0 0
3 1 3 2 2 0
3 1 3 2 1 0
2 1 5 1 1 1
62 1 76 34 10 3
98 1 100 50 0 1
97 1 96 49 0 1
100 1 99 51 0 1
90 1 93 45 0 1
92 1 93 45 0 1
96 1 96 48 0 1
100 1 46 50 0 2
99 1 46 50 0 2
97 1 31 49 0 3
97 1 97 49 0 1
93 1 90 45 0 1
94 1 46 47 0 2
93 1 90 47 0 1
99 1 95 50 0 1
100 1 90 50 0 1
96 1 95 47 0 1
23 1 58 11 1 1
93 1 30 48 0 3
76 1 68 33 1 14
88 7 48 60 0 0
97 1 96 47 0 1
26 1 60 13 3 2
52 1 24 21 2 3
95 1 30 50 0 3
94 1 31 50 0 3
8 9 95 13 1 7
99 2 2 8 0 0
91 1 95 44 0 1
28 5 50 7 0 0
99 1 50 69 1 5
99 1 9 97 4 6
9 5 73 3 3 1
23 11 91 82 16 17
97 1 50 50 0 2
93 1 24 49 0 4
98 1 47 48 0 2
93 1 24 50 0 4
91 1 46 47 0 2
91 1 93 45 0 1
92 1 90 46 0 1
99 1 96 49 0 1
95 1 33 46 0 3
96 1 96 49 0 1
87 1 51 34 3 4
100 1 90 49 0 1
92 1 24 47 0 4
15 19 57 95 9 8
37 1 77 18 4 3
96 1 90 47 0 1
62 1 64 37 3 21
95 1 24 47 0 4
28 1 41 11 2 1
99 1 48 51 0 2
90 1 99 45 0 1
93 1 94 47 0 1
95 2 27 38 1 6
36 41 85 76 28 49
81 9 63 40 1 9
97 1 98 49 0 1
92 1 19 23 0 0
91 1 90 44 0 1
52 73 77 94 1 72
98 1 92 50 0 1
93 1 99 46 0 1
98 1 98 48 0 1
92 1 97 47 0 1
92 1 97 45 0 1
54 3 82 28 29 12
98 1 93 48 0 1
91 1 96 44 0 1
81 3 31 33 2 3
98 1 33 49 0 3
95 1 93 46 0 1
9 1 34 5 3 1
91 1 97 44 0 1
83 1 70 43 4 8
95 4 23 34 0 0
68 12 44 49 6 1
91 1 24 46 0 4
30 1 88 13 1 6
99 1 97 48 0 1
100 1 91 49 0 1
99 1 91 50 0 1
94 1 22 50 0 4
60 1 26 35 1 7
17 1 63 10 3 2
47 1 66 18 4 5
32 1 96 14 2 2
98 1 93 50 0 1
80 15 55 89 33 87
95 1 24 50 0 4
92 1 95 45 0 1
100 1 96 50 0 1
95 1 41 40 1 17
90 1 33 47 0 3
