5
25
0
1
3
9
24
11
19
11
20
6
19
3
47
52
961
4
45
24
30
3
3
15
57
115
12
283
49
2
30
21
8
117
4
16
58
38
5
21
14
20
7
22
30
49
4
2
16
64
46
125
280
16
3
5
9
12
42
13
21
144
14
137
15
23
62
21
271
35
34
1075
15
16
12
63
25
20
3
519
120
1496
10
35
6
38
4
24
19
32
64
329
15
16
28
11
32
44
27
23
20
33
21
39
2115
5
26
2
1059
14
23
23
139
20
106
6
131
6
321
23
3
127
27
3
27
5
15
42
178
5
67
32
129
18
3
2
279
354
8
9
5
24
80
3
85
14
1557
5
32
21
155
18
4
11
1495
85
17
4
26
23
314
2
45
7
58
27
24
7
6
1575
36
4
26
151
8
4
7
27
7
34
3105
142
9
316
6
416
54
33
28
35
29
20
6
8
288
13
118
5
34
2100
28
378
29
47
22
346
8
33
28
6
138
26
1
35
4
26
35
4
30
13
28
438
105
39
4
25
9
1042
39
1
1
21
127
95
12
5
15
26
11
11
12
70
18
2
102
23
121
30
20
154
13
318
32
128
16
27
24
8
1
10
4
34
126
15
9
43
44
318
23
12
18
4
324
134
109
4
77
31
141
3
97
23
7
28
142
123
22
61
25
23
8
6
16
5
13
53
39
9
453
80
2
22
321
6
32
35
32
4
42
23
14
54
6
33
38
312
18
9
30
114
34
6
24
7
2
64
36
78
25
8
30
3
7
455
52
2
15
10
4
3
3
12
15
6
7
37
13
17
19
2
25
22
335
2
35
40
96
13
4
28
70
49
46
43
7
44
28
32
2
319
21
7
66
24
5
334
4
8
36
12
117
26
21
74
10
993
70
6
18
10
5
5
1624
35
18
39
15
5
2
2
26
6
120
89
104
57
67
179
97
4
117
8
2194
67
4
27
20
137
35
6
24
41
6
14
5
7
13
9
22
25
7
30
17
53
45
5
47
11
5
27
5
5
34
30
5
1
3
69
30
2
5
34
28
352
3
6
18
12
146
3
19
10
11
18
19
345
24
25
2
8
32
346
146
1091
22
0
104
130
7
3
2121
5
123
359
12
132
16
450
22
11
3
3321
17
2
173
20
315
1
80
15
330
1093
6
28
17
468
21
15
4
4
2
16
30
18
24
35
29
14
22
27
16
22
2
16
2146
9
1547
4
59
9
3
25
21
6
22
310
9
9
2
65
22
8
4
66
6
17
9
346
61
26
30
8
19
315
130
7
5
23
12
3
22
9
187
50
3
1575
36
4
49
37
10
17
15
4
30
14
24
19
118
3
27
2149
32
30
33
13
111
6
27
7
54
183
66
9
1553
2
66
419
120
30
3
3
1580
10
4
2068
69
1081
124
9
8
36
55
20
40
7
135
21
3
5
7
40
47
134
3
18
3
75
2
28
13
11
17
63
62
15
11
22
303
10
22
1629
30
0
39
3
2
442
18
31
2085
22
22
19
16
29
960
3
39
135
24
7
66
25
19
5
38
106
371
37
4
21
124
22
138
7
63
141
123
315
31
103
12
103
5
2
6
4
334
3
32
16
5
4
410
247
138
26
4
28
17
3
115
5
7
107
3
32
17
5
1112
2106
4
1119
3
7
4
32
136
4
117
39
2
175
4
18
42
9
135
34
23
2
37
268
16
23
17
4
24
19
317
117
4
4
9
24
5
106
2120
23
2
530
26
37
2
60
6
26
28
2143
9
74
5
81
298
29
22
58
19
24
104
6
549
1496
41
8
9
6
9
164
1066
32
12
4
351
10
324
360
136
9
30
89
20
21
5
118
28
445
14
26
23
23
2
4524
3
70
55
2
33
68
18
25
16
24
21
31
30
8
110
15
1104
333
22
18
19
20
10
61
128
4
13
4
2
322
7
23
17
58
2
4
126
36
4
68
1539
15
27
45
21
5
36
37
32
19
3
4
45
6
30
12
22
126
1
3
2
20
15
6
17
24
28
4
5
253
147
13
17
139
34
7
1
10
19
6
297
12
39
8
9
5
3
5
167
1051
4
16
4
23
1028
20
16
11
7
34
12
3
28
1
24
25
4
21
32
432
40
7
307
1558
15
13
26
354
14
49
122
7
32
42
5
48
24
42
124
961
25
32
36
16
38
31
18
21
261
4
14
308
17
33
1540
25
40
17
2141
14
5
18
4
8
25
67
54
194
89
3
15
27
27
12
32
9
19
135
6
12
430
5
14
1
2112
2
66
6
111
15
309
18
447
284
16
60
6
0
2
14
23
299
45
2130
5
19
41
463
13
16
22
23
1
29
9
16
7
370
6
3
30
93
2163
32
57
27
7
341
116
9
21
15
2
18
1073
13
7
31
1551
105
33
2132
1530
342
10
99
334
99
273
41
14
22
24
12
16
13
111
1
15
67
75
10
5
11
32
294
25
5
4
332
22
39
107
317
2099
121
7
31
327
60
2
29
25
5
1577
52
3
1
61
3
14
3
14
133
0
30
464
53
27
334
24
1
6
15
17
7
23
324
16
68
14
37
161
15
347
22
19
33
27
4
15
9
3
103
9
26
3
4
135
15
316
4
14
112
4
18
115
298
7
7
7
42
33
13
22
26
1
13
9
6
182
325
128
19
5
7
6
11
2
1
33
75
15
14
356
1565
19
4
18
348
28
27
14
2148
2
12
46
51
102
16
160
1045
329
7
11
51
103
129
69
30
15
5
40
5
8
131
18
29
26
16
28
173
27
102
321
54
40
21
493
7
16
1052
22
6
35
2146
9
43
348
67
25
287
17
86
4
8
10
108
2117
5
319
26
111
52
7
3
54
195
11
8
21
37
1596
16
34
12
25
69
12
3
9
13
15
15
28
30
311
39
7
42
131
20
1033
8
4
115
22
1
179
324
1101
8
5
7
9
1486
133
21
500
349
539
11
450
29
27
22
6
28
4
61
5
1035
6
18
447
22
18
16
308
55
138
164
3
4
324
83
1017
74
6
327
5
3
42
36
8
15
341
454
2
57
11
8
2
16
6
26
19
64
2111
143
21
13
122
22
11
16
3
27
18
2
3
91
20
28
6
46
554
35
9
29
11
12
25
15
29
3
22
6
499
24
107
39
