445211457
669743891
152546201
395795175
21270560
992980318
378127996
75005087
476511262
710182570
212179857
588884340
408713871
63600379
899154446
46267193
731627120
489379077
796200912
86510272
423415351
494867559
803748655
957404717
68715358
317346228
295752392
348442197
1
882691931
477513251
667021987
587762666
759734025
670895230
874908157
687403819
98217047
578591966
631809473
414454006
936294219
523371252
955992199
600700619
124125249
937178240
573666396
409514208
552385886
315993089
340540280
321444594
422152520
905973626
37682512
163145542
831592827
132846864
470824697
108000108
404658013
842831769
71540738
819249036
770183946
236186082
545638395
442858501
63470199
434804361
85958574
613830085
278401516
770091193
996899940
370369203
61864701
164181506
282240853
927598704
972197829
142857460
413362410
295291117
336900545
527747304
962779820
23643411
841931376
611803121
53048880
715972480
681045488
443951108
344478928
799896666
313908697
244171082
651343408
