1000
0 55 55
9 76 39
42 93 63
29 71 99
49 18 95
21 53 4
79 13 6
9 78 90
54 53 91
13 62 69
7 52 70
69 26 21
36 69 53
22 54 16
95 23 15
6 56 93
100 61 33
7 55 65
22 2 57
59 72 79
67 73 45
7 84 22
75 97 39
61 58 61
44 68 69
61 18 70
100 64 45
72 17 12
23 1 19
96 74 56
46 100 56
71 76 48
59 31 96
31 43 35
47 85 3
39 5 38
50 82 26
44 52 32
0 10 42
34 10 100
35 64 17
95 88 7
3 38 18
83 39 80
8 100 13
30 74 67
38 6 39
15 27 85
8 7 32
84 38 75
84 79 48
62 46 1
91 48 60
75 52 73
58 36 22
43 47 33
71 86 34
75 53 41
57 98 14
100 9 27
5 34 58
7 38 80
52 58 41
37 73 10
97 40 88
52 71 59
21 84 62
68 45 5
52 68 7
47 53 21
74 86 67
65 46 89
34 21 80
28 44 77
4 64 27
7 95 21
35 73 75
11 30 40
15 14 85
47 92 81
21 99 3
6 74 68
67 10 77
86 98 75
1 73 59
10 37 85
84 32 46
59 82 94
10 32 14
13 15 75
92 38 94
19 7 99
17 63 22
63 73 6
29 42 62
99 8 47
78 12 41
49 37 81
13 45 52
20 73 91
20 46 63
60 2 68
58 12 24
16 58 42
55 47 53
84 95 42
47 39 84
71 81 41
84 5 4
37 87 8
24 57 9
12 59 63
62 24 38
99 99 99
76 10 62
23 7 39
25 18 17
39 85 37
10 55 4
47 12 95
2 57 53
72 53 57
13 35 36
48 52 2
18 95 60
17 75 28
56 1 93
88 98 54
89 48 41
100 45 18
21 17 22
91 5 25
10 22 55
55 37 9
15 90 92
31 11 66
29 72 80
32 46 61
98 23 27
65 34 26
25 69 7
84 90 42
0 20 25
12 85 59
4 8 40
92 7 98
62 44 84
21 61 42
40 32 40
13 63 44
80 33 25
75 56 53
15 72 4
29 36 86
49 60 88
52 68 11
43 41 16
9 3 8
74 92 31
0 44 99
60 38 13
94 29 61
80 70 89
19 15 33
53 70 66
76 23 47
7 33 36
76 9 32
88 76 98
35 87 31
15 74 4
100 31 47
66 75 25
59 98 12
75 18 61
90 76 61
38 31 43
99 13 4
67 77 35
1 45 6
87 57 12
83 45 78
40 29 7
34 99 40
91 41 56
85 2 99
94 53 82
36 67 58
42 73 40
18 89 10
77 75 53
96 80 66
61 63 52
69 3 81
79 29 41
100 1 1
41 35 64
2 77 57
25 65 34
84 71 12
91 86 32
84 79 77
41 88 72
38 3 52
77 83 58
65 88 97
75 31 59
33 17 14
5 20 37
50 22 39
16 86 48
94 29 22
100 84 31
93 26 48
51 37 95
67 88 33
56 48 75
0 39 48
51 32 31
73 100 14
57 85 91
0 2 42
75 9 23
38 2 57
31 10 68
25 17 18
62 57 13
84 40 70
87 63 16
19 32 69
9 72 95
53 89 74
52 44 12
82 98 10
8 44 91
18 56 55
52 71 98
27 61 19
12 24 3
69 74 98
57 58 89
72 69 8
13 69 20
81 45 30
19 57 99
13 55 55
37 54 52
5 19 45
52 22 97
33 24 78
29 21 89
22 88 73
75 68 11
10 67 92
1 87 71
73 81 29
24 84 57
43 44 59
52 79 95
51 57 31
70 72 24
99 91 5
50 45 96
37 29 63
46 25 23
35 57 4
60 34 72
63 18 95
82 97 70
98 4 46
24 81 77
5 100 52
59 89 41
55 68 37
94 54 91
5 5 86
20 62 88
13 66 1
82 20 52
51 76 26
45 39 5
63 47 47
44 27 57
57 76 73
51 66 33
23 5 33
68 23 60
23 68 11
55 94 1
72 83 63
38 73 58
27 39 58
35 16 42
48 19 14
5 77 17
98 55 70
66 19 66
34 14 7
66 26 38
22 95 30
33 69 55
33 36 11
16 81 80
51 9 46
19 59 93
37 43 86
85 55 91
79 67 41
34 72 75
45 61 96
16 54 82
16 96 54
96 44 13
55 36 81
44 65 58
58 20 9
86 25 64
87 37 36
99 26 64
32 77 66
54 73 68
23 58 58
17 2 33
31 47 82
77 23 24
95 52 21
81 8 37
6 90 18
73 4 82
59 46 2
45 38 11
56 84 29
46 13 17
2 35 88
91 10 57
7 62 58
21 26 87
19 23 85
65 83 43
89 8 11
38 96 19
73 35 23
57 28 81
71 28 4
100 66 13
62 17 11
49 73 97
4 47 5
3 75 98
87 20 40
56 44 57
52 72 19
95 92 84
89 99 82
62 87 92
14 60 30
67 43 20
70 93 6
14 72 37
28 53 36
96 23 79
21 52 78
58 63 62
20 73 83
97 69 86
49 48 55
97 44 64
35 81 8
80 66 44
2 20 12
85 70 9
7 21 17
13 42 34
12 8 16
83 83 38
48 21 33
3 40 45
80 53 38
95 22 15
74 32 16
71 52 15
28 46 55
31 83 25
81 69 83
81 3 94
75 96 31
52 91 16
45 19 56
24 57 38
3 53 40
54 98 4
90 77 46
14 46 40
7 79 5
21 57 20
100 70 91
4 78 15
95 62 96
85 84 21
34 85 73
61 95 87
52 39 2
82 35 76
87 15 84
40 5 31
33 18 17
4 42 74
10 72 100
33 60 68
77 67 94
4 64 60
55 12 25
19 77 96
76 78 55
5 97 10
32 94 82
18 57 73
72 9 77
42 4 54
42 25 39
92 40 17
69 77 100
1 94 5
41 58 27
35 45 55
80 2 41
27 81 7
49 79 11
85 67 94
0 89 69
74 73 98
57 10 21
44 60 67
91 65 22
0 68 90
47 71 80
8 87 8
46 100 80
56 83 72
69 62 92
49 97 30
13 28 46
31 9 89
75 46 17
100 89 79
75 97 59
17 55 29
30 44 90
22 42 25
6 54 76
66 22 24
4 80 61
91 63 31
98 42 24
97 44 60
51 61 95
11 45 87
61 88 67
10 9 17
48 59 23
12 3 26
0 65 91
75 33 74
79 4 33
91 2 82
79 20 6
67 67 62
14 58 26
9 67 78
98 69 74
4 47 1
100 47 93
33 29 79
50 95 41
35 99 22
27 97 67
34 66 96
61 12 61
85 93 63
32 15 55
94 11 37
67 45 63
97 7 12
82 42 37
55 94 27
84 58 56
49 35 2
13 47 81
88 27 3
25 23 43
98 31 67
2 59 23
15 28 37
14 30 25
17 36 76
25 40 82
46 69 58
20 39 43
20 60 75
72 68 30
90 70 34
33 44 96
83 12 56
93 85 66
88 55 34
26 63 84
27 6 1
74 3 72
2 21 41
18 75 3
55 4 97
82 47 46
41 97 37
81 79 13
47 74 14
19 25 7
25 54 15
20 46 39
40 67 34
91 86 25
15 70 53
95 85 81
85 74 65
88 17 98
70 88 73
92 80 87
36 42 44
28 96 15
23 74 80
93 73 82
75 83 75
64 16 62
55 71 46
66 89 30
63 4 15
99 3 95
35 35 60
12 83 57
29 94 95
88 56 9
2 47 93
12 72 83
6 90 7
57 76 70
89 80 48
40 76 92
39 39 55
19 90 69
55 2 71
92 67 54
65 69 32
8 92 17
22 15 99
82 70 56
11 72 92
66 20 11
75 55 81
91 74 34
2 9 3
99 58 92
7 54 41
81 14 29
32 14 83
1 97 39
3 82 67
83 41 63
94 20 21
87 40 57
67 60 99
26 20 90
29 90 66
76 7 28
25 60 20
54 72 3
42 33 8
42 91 58
73 79 96
41 87 80
59 60 85
15 29 66
36 65 62
35 9 73
67 56 15
20 24 95
31 9 97
93 54 6
57 48 78
96 10 58
75 76 37
6 12 13
50 66 61
87 93 35
4 99 54
94 30 67
28 75 45
51 72 5
8 59 6
30 60 84
6 53 79
38 91 22
34 44 91
14 84 31
73 7 6
46 4 73
5 47 66
3 66 73
86 33 83
12 72 15
8 78 93
52 27 39
57 26 71
6 57 10
77 75 10
20 71 63
19 53 6
80 94 17
51 16 83
16 10 4
99 41 62
35 62 33
39 62 19
90 14 81
6 54 76
80 22 42
55 80 45
69 96 3
58 58 81
45 62 57
97 14 17
27 23 72
2 98 62
54 12 86
26 2 42
91 2 12
97 18 34
61 34 14
84 63 23
18 69 54
65 48 46
72 98 89
33 58 9
91 54 60
95 82 27
24 60 67
74 32 14
3 19 75
100 6 94
77 91 2
48 100 27
17 46 54
78 31 43
19 67 40
45 24 72
57 71 100
60 83 20
41 98 74
90 72 20
75 36 52
79 37 2
1 87 21
29 81 85
79 26 26
6 74 32
41 20 71
52 27 3
83 53 23
16 58 27
16 35 59
76 70 22
52 37 89
73 32 97
2 32 95
55 71 19
17 89 70
90 47 68
85 71 33
46 60 37
12 39 71
0 15 62
10 34 82
52 36 12
45 39 23
7 29 86
91 88 3
15 48 19
91 9 77
100 60 84
57 61 15
48 46 58
19 32 19
78 13 34
54 28 31
97 82 93
100 91 18
21 66 14
54 86 32
50 36 93
75 40 70
53 77 48
25 93 2
3 22 39
77 89 75
37 21 1
30 83 16
32 71 93
92 33 47
77 97 48
16 66 92
55 98 32
64 15 25
23 21 97
34 27 91
28 2 36
76 84 67
48 48 69
31 11 98
98 80 87
98 83 39
27 86 68
16 43 68
37 77 96
8 58 1
16 46 80
69 18 21
20 60 5
16 66 96
13 46 10
83 98 82
84 70 75
35 97 48
30 57 67
79 74 13
45 24 7
5 77 3
82 86 16
84 93 54
10 33 21
16 74 2
44 71 96
75 2 67
56 43 8
67 95 83
31 15 100
8 34 45
85 85 71
73 91 41
2 42 20
29 25 59
73 5 80
11 83 30
1 23 57
17 32 44
82 79 96
43 9 84
80 65 25
81 13 32
47 32 85
93 68 55
57 53 73
30 9 85
22 20 89
75 93 5
57 64 92
31 40 41
94 41 86
97 10 17
21 6 39
67 94 53
10 22 75
90 16 86
74 35 91
2 64 93
29 2 60
7 52 33
47 66 45
64 70 73
37 26 33
92 31 9
15 19 12
90 58 66
1 42 57
3 8 88
4 92 13
8 2 87
36 22 35
13 9 61
12 55 55
92 82 14
38 42 11
50 91 58
38 13 25
100 84 72
30 5 55
97 61 94
75 12 4
57 75 37
83 27 46
50 22 62
11 45 47
51 26 61
15 100 82
2 67 55
100 54 94
98 85 64
41 62 75
90 67 82
49 11 58
31 32 20
100 31 11
98 96 13
19 71 93
76 47 70
24 89 95
91 77 63
52 33 14
28 16 5
53 85 73
86 54 55
58 16 65
81 4 75
24 29 11
7 13 96
26 26 94
90 69 64
53 52 65
24 66 29
61 56 2
44 62 13
7 68 97
68 88 23
15 87 67
56 87 92
63 53 74
90 24 63
8 47 90
84 24 17
94 13 95
5 47 9
70 67 75
82 28 71
84 30 23
21 63 84
17 81 100
78 56 13
16 79 40
19 41 36
40 47 81
54 84 33
1 54 73
38 4 1
76 41 73
59 22 76
75 91 13
77 31 9
72 36 27
2 72 59
18 28 91
25 47 39
46 59 25
17 8 18
86 89 75
34 78 66
53 80 34
36 86 34
54 47 14
10 34 81
93 61 47
64 20 30
44 88 41
46 74 16
46 18 82
95 33 26
67 23 25
51 65 58
99 35 58
79 87 63
67 68 52
37 17 62
78 22 46
94 75 65
43 89 76
65 89 98
24 24 77
0 33 60
38 27 52
51 39 32
48 77 79
34 29 37
48 64 69
100 76 79
29 21 13
38 15 17
4 1 83
3 96 47
77 21 90
12 88 91
87 22 56
59 30 79
69 11 77
71 35 27
57 14 13
73 6 68
66 16 67
32 81 7
14 12 58
15 12 1
24 8 15
35 43 32
90 69 60
59 19 85
7 56 41
84 79 64
44 26 6
32 96 39
56 91 37
50 78 61
82 47 30
5 85 97
80 60 28
38 68 94
84 90 1
89 11 13
49 34 10
36 64 15
60 87 90
95 29 87
46 83 61
32 27 27
67 89 59
14 59 83
60 86 100
63 39 40
77 76 20
78 28 94
63 93 100
13 62 100
94 24 53
36 98 27
49 47 74
23 35 44
65 81 74
1 22 6
51 34 61
32 38 20
100 18 7
91 24 30
87 21 91
72 73 82
33 12 86
82 45 77
79 46 84
97 83 99
70 91 100
26 57 61
45 3 87
44 31 91
84 1 80
52 20 71
4 87 25
42 65 78
22 41 17
40 9 35
54 7 5
88 40 84
53 97 9
87 37 39
61 30 32
25 12 74
22 75 38
60 81 83
56 65 95
70 87 37
66 92 12
5 66 37
2 1 3
12 9 17
8 88 1
50 27 13
58 90 100
6 36 66
97 40 45
100 74 54
54 6 54
96 46 59
17 26 74
79 48 76
78 100 69
2 96 76
7 13 7
90 37 82
54 83 44
69 39 59
6 45 79
28 1 34
76 86 17
0 54 4
53 46 81
70 29 55
26 54 1
91 63 85
