100
4 3
4 5 6 4
4 2
4 5 6 4
3 3
1 1 1
100 3
1 85 40 73 37 34 8 50 44 33 91 37 1 31 64 10 19 46 46 23 88 18 28 56 49 82 19 30 93 7 7 46 4 72 6 13 82 70 70 67 7 26 63 10 20 76 7 70 79 10 46 79 91 2 13 22 69 40 88 38 37 53 94 82 47 52 59 40 46 95 79 34 38 23 23 61 76 24 34 43 31 58 38 34 32 25 16 79 73 59 53 47 76 85 20 71 55 43 5 79
100 3
83 79 2 43 16 71 13 67 50 34 6 21 41 1 61 18 85 51 82 33 76 80 34 83 80 49 34 90 73 38 41 40 67 14 23 85 89 58 94 4 34 46 41 81 67 1 10 3 13 28 76 6 31 7 2 25 20 15 60 41 16 28 57 19 16 82 95 92 49 7 44 14 16 89 58 8 34 35 32 13 28 97 46 43 78 55 88 79 88 24 82 73 43 83 37 26 28 1 43 59
100 3
21 58 43 1 23 43 42 85 70 13 34 91 70 61 13 25 64 28 92 36 97 85 97 55 10 9 1 31 55 10 86 41 10 98 28 74 55 4 88 34 87 49 59 67 16 27 26 93 13 76 37 50 7 92 88 74 4 13 61 56 28 49 7 26 94 52 76 98 57 44 7 24 42 53 37 57 34 42 61 24 62 65 80 7 13 80 19 58 9 53 71 11 80 82 44 46 31 10 55 89
100 3
60 43 27 11 45 9 51 48 43 78 69 84 19 41 80 90 17 16 94 80 25 88 63 89 65 50 21 53 82 15 44 9 40 77 28 5 30 45 68 50 28 40 4 49 16 3 87 91 95 38 97 40 13 83 4 44 49 51 90 89 57 93 55 55 62 97 82 71 82 62 93 42 84 31 71 88 93 15 17 97 32 65 16 68 56 3 15 63 13 41 6 90 46 82 67 50 60 20 86 47
100 3
91 62 97 49 59 82 29 14 4 97 59 62 23 19 45 31 76 1 70 1 55 44 91 24 19 71 10 79 63 82 88 88 95 28 34 37 16 32 11 22 82 71 32 59 53 51 23 65 16 61 46 76 33 52 17 47 78 94 43 27 92 56 61 67 18 19 52 2 40 6 7 31 1 82 13 35 88 40 19 82 53 97 4 73 29 16 26 22 68 58 40 70 45 37 85 37 50 22 52 96
100 3
74 76 22 22 42 19 36 82 74 80 94 7 55 28 38 32 53 14 67 94 35 12 48 64 40 44 53 55 76 43 71 95 82 25 64 1 85 52 34 14 4 17 13 19 16 5 87 67 76 28 67 61 13 1 50 31 93 52 68 4 73 49 13 76 83 64 4 37 89 91 68 94 58 89 86 37 97 35 70 31 19 82 52 73 37 25 46 83 7 38 46 82 1 28 82 1 19 70 73 44
100 3
74 19 85 40 53 67 42 64 31 38 16 90 94 94 21 70 32 25 77 29 92 47 23 65 94 5 54 5 67 27 50 31 74 31 14 5 46 10 3 16 46 50 66 49 82 7 46 41 52 37 67 82 28 52 46 5 38 80 52 58 89 34 63 10 19 67 40 25 14 59 88 27 19 7 40 52 76 61 55 91 32 79 6 40 19 86 61 21 23 14 67 82 22 58 87 25 95 80 59 34
100 3
9 80 97 49 15 93 10 61 43 27 45 20 53 70 32 16 26 16 26 80 46 51 77 69 91 76 23 94 52 54 16 76 58 82 34 78 50 25 67 58 7 23 88 79 16 83 20 67 88 43 88 97 97 79 91 94 34 55 64 49 28 52 92 4 49 98 68 54 37 31 78 61 83 97 5 40 72 32 67 55 64 74 34 68 43 28 38 47 58 16 82 34 50 56 37 94 40 98 4 70
17 3
86 58 62 95 58 49 31 5 20 13 32 58 22 83 23 37 88
100 3
31 31 53 62 50 16 49 72 78 11 58 16 64 58 65 32 16 35 8 73 67 64 17 86 2 19 65 88 25 10 68 13 55 34 31 52 76 82 2 62 61 22 32 14 68 83 14 10 43 70 98 85 37 61 17 10 86 37 71 24 35 10 82 61 76 13 64 70 58 36 74 77 46 55 83 88 82 51 36 19 43 32 30 97 19 7 70 20 34 44 43 58 2 10 3 37 83 88 80 89
100 3
26 68 35 59 77 26 32 56 55 3 9 65 13 88 14 20 35 14 60 80 32 8 20 32 29 98 71 98 86 31 26 40 89 55 20 11 47 71 73 89 95 89 14 62 25 62 74 71 24 50 92 98 80 8 59 52 66 17 13 83 62 83 8 14 71 47 86 26 93 11 77 35 24 95 95 92 8 70 98 3 82 89 94 17 30 78 59 56 40 31 97 79 1 77 29 94 95 11 12 87
23 3
60 41 70 59 4 82 64 2 34 34 65 64 58 49 19 18 49 49 7 41 88 26 79
100 2
82 33 23 96 71 46 42 6 84 49 24 50 28 15 56 42 79 15 96 55 13 61 75 56 41 67 72 69 64 60 48 65 22 27 57 77 28 84 82 81 74 99 44 16 78 99 62 69 37 52 40 34 36 82 5 79 67 67 97 77 5 8 48 68 53 34 87 59 1 86 89 72 86 74 36 83 91 97 49 35 65 26 62 15 48 41 56 4 83 15 83 42 26 61 64 98 47 49 52 41
100 3
33 38 51 46 61 9 67 93 28 61 97 82 13 52 51 43 34 40 49 82 5 79 94 64 34 32 52 18 94 76 61 11 41 55 88 91 1 70 44 41 69 59 1 7 49 31 41 4 70 47 27 33 66 77 37 16 61 14 47 56 5 38 25 2 41 43 27 49 25 15 44 81 93 43 79 44 23 1 34 88 12 92 7 37 35 49 79 71 94 74 52 4 88 28 68 70 4 91 7 16
100 3
12 13 64 67 79 62 22 34 55 63 95 43 34 58 22 89 4 43 10 40 89 80 34 37 59 70 7 63 52 58 28 17 82 43 44 7 47 61 43 78 90 43 97 97 49 90 94 56 33 70 65 28 38 31 47 16 7 29 70 59 16 13 46 70 4 34 7 74 94 40 53 76 76 46 17 75 79 13 73 32 5 45 80 64 82 86 58 68 91 38 46 64 97 25 35 98 14 13 34 84
18 2
32 86 93 45 36 99 84 88 14 60 94 3 87 23 85 70 18 52
100 3
91 13 25 34 40 97 64 68 16 7 56 1 11 1 77 4 49 97 28 49 70 44 38 92 70 53 70 55 98 85 12 27 57 77 79 55 34 35 40 91 46 71 25 73 33 19 78 7 35 7 76 16 1 16 35 65 52 48 49 39 28 85 23 76 27 19 22 89 33 46 85 79 91 47 88 73 10 8 1 93 25 16 88 55 46 65 85 70 25 40 1 19 58 32 28 35 89 95 98 22
13 3
56 22 46 29 70 38 61 49 32 43 23 13 76
100 3
71 97 83 92 35 30 51 76 47 15 60 14 32 68 73 58 41 45 92 35 46 61 11 35 28 71 86 32 27 72 86 89 50 48 7 21 82 71 54 61 95 17 23 88 95 29 62 90 17 50 16 86 32 2 2 46 65 2 19 98 98 23 62 86 95 77 98 61 11 64 59 41 92 56 5 98 17 1 44 92 35 22 68 31 40 94 3 59 75 53 50 23 41 14 75 20 16 86 17 22
100 3
74 20 74 11 74 17 65 17 98 47 23 56 62 66 52 13 14 45 67 23 62 22 36 17 26 88 74 7 68 35 56 95 95 22 67 71 31 11 46 1 11 56 79 50 86 73 29 74 2 50 8 14 35 94 38 92 62 92 91 50 23 71 22 83 66 97 65 92 74 91 47 89 8 95 72 64 77 38 89 17 89 40 19 35 17 50 80 20 53 65 25 2 71 53 89 38 89 2 81 85
100 3
75 29 76 35 82 34 24 62 65 56 98 55 21 20 34 41 12 95 89 22 26 50 26 35 15 64 38 47 52 97 84 29 74 88 93 96 44 71 29 86 98 77 46 14 51 50 26 98 90 67 79 72 37 86 32 59 23 53 32 43 89 98 38 39 41 77 97 85 92 98 8 70 2 59 60 83 98 49 58 41 23 91 58 47 8 32 69 9 87 72 34 68 69 78 96 92 2 92 65 23
100 3
43 28 5 47 86 59 67 80 92 4 25 50 43 88 32 2 91 77 22 31 56 34 35 5 28 25 64 77 59 16 34 73 10 76 49 73 83 8 22 98 13 23 92 85 83 41 58 38 47 37 20 73 34 16 56 71 34 31 20 97 32 8 11 94 34 32 26 35 64 41 94 28 17 67 37 28 38 68 38 1 95 49 79 89 85 2 23 41 61 28 17 14 22 32 94 65 67 47 62 85
100 3
43 2 35 83 24 81 29 8 91 73 68 11 11 19 80 23 32 92 23 98 95 70 29 23 48 80 69 82 8 64 23 98 86 7 44 8 80 44 70 25 80 78 65 23 62 29 50 87 71 19 13 31 43 34 49 64 44 26 68 53 4 71 74 5 35 58 38 96 10 35 95 86 77 68 95 76 27 56 22 86 49 14 44 11 84 68 94 90 35 7 86 16 8 53 71 74 52 23 36 73
2 3
40 79
100 3
23 35 31 68 9 80 92 65 28 98 47 30 55 62 64 57 77 90 83 91 14 70 23 62 65 14 86 35 8 26 72 28 95 8 50 28 95 11 35 31 53 56 54 98 92 5 49 65 95 86 41 71 11 17 65 98 14 64 95 5 48 71 46 23 46 26 23 71 92 11 32 84 85 8 9 71 76 51 1 2 74 8 87 35 37 98 31 59 14 64 67 94 71 83 60 5 38 62 94 71
1 2
95
1 3
75
100 3
8 61 17 8 25 16 74 91 59 91 39 84 95 89 88 4 86 10 92 47 5 86 98 89 28 46 92 83 95 86 55 71 1 95 86 26 94 85 77 74 57 4 74 83 86 29 39 59 15 4 74 50 65 82 39 77 95 28 17 14 44 73 32 53 38 93 62 38 7 59 74 17 89 56 52 2 98 47 58 73 85 20 61 90 68 79 84 14 2 34 44 26 48 38 60 27 23 50 89 61
16 3
26 77 4 72 35 97 47 1 90 44 56 1 61 42 64 69
100 3
38 31 7 74 6 2 25 77 92 65 17 19 26 34 59 84 8 14 52 89 59 8 17 96 4 35 71 92 4 74 71 38 46 2 68 47 79 5 96 65 89 34 80 28 40 17 12 73 98 40 50 62 20 20 13 66 78 23 69 52 50 78 29 50 94 56 17 8 88 72 41 93 17 31 83 86 81 56 71 27 81 35 83 50 74 40 29 53 17 76 10 28 64 76 38 47 32 65 58 38
16 3
95 34 34 86 76 71 75 52 71 38 5 92 44 58 8 37
100 3
74 13 17 64 84 8 88 49 11 57 84 18 73 2 5 71 52 20 3 17 8 67 86 14 58 56 62 18 70 80 43 1 28 32 80 32 60 23 55 25 74 56 68 98 83 72 37 96 85 50 47 35 29 28 56 68 77 71 25 47 11 89 47 2 46 74 14 16 23 89 67 29 71 43 45 86 94 74 53 11 77 92 44 86 82 67 91 78 28 85 35 66 59 13 79 70 94 84 31 77
100 3
17 30 38 5 71 77 10 53 32 74 5 86 80 26 16 24 62 5 80 67 57 85 44 71 44 5 77 62 64 15 59 44 62 19 98 88 3 2 75 31 47 54 17 80 83 56 29 68 10 50 59 65 89 43 53 77 92 29 76 94 70 11 59 86 81 10 29 74 7 7 86 32 98 28 41 56 17 80 91 62 88 23 97 26 63 10 60 94 11 27 26 50 1 62 73 17 61 61 74 9
14 3
40 44 58 80 52 77 95 13 76 23 65 46 59 48
2 2
89 77
100 3
86 55 53 50 13 88 40 16 68 10 31 27 35 55 8 16 13 16 73 77 61 93 88 93 61 22 52 41 58 13 79 86 25 56 5 86 13 81 19 4 19 16 37 85 91 47 13 16 68 19 22 7 76 17 74 50 31 53 34 43 97 11 58 80 65 20 13 66 46 19 76 84 22 73 82 20 79 94 37 7 86 8 50 15 39 53 8 56 74 10 72 4 59 46 76 25 52 65 43 88
100 3
10 1 98 88 59 37 1 50 8 22 26 19 64 34 91 72 92 44 46 40 6 16 40 49 33 97 49 19 49 51 88 29 23 40 73 89 41 97 1 2 35 46 88 34 83 72 77 4 53 37 13 26 4 4 35 28 38 7 61 10 14 61 65 83 61 94 4 22 32 58 94 80 71 10 19 8 28 77 13 32 2 46 32 64 2 94 63 28 18 31 58 72 77 35 37 94 43 31 49 61
100 3
10 50 43 82 2 36 46 73 1 31 47 41 61 41 89 20 21 16 1 22 76 12 58 77 52 40 68 73 4 46 26 40 46 83 34 64 64 86 19 34 28 61 14 32 23 74 1 36 91 13 86 16 37 78 61 38 10 68 37 93 49 53 83 6 85 11 37 7 16 55 13 12 30 2 45 1 25 46 15 61 52 55 56 61 82 13 1 13 38 89 7 49 30 5 52 67 45 68 74 55
100 3
22 16 20 35 66 31 66 80 23 4 76 46 28 63 23 58 91 11 92 25 26 17 50 4 17 84 94 4 97 14 53 11 66 41 89 97 58 70 73 44 37 82 51 64 34 7 65 98 40 96 50 85 74 88 35 86 37 64 14 70 64 60 50 74 55 64 61 2 10 38 22 28 35 58 34 91 79 58 89 41 1 12 67 73 43 17 40 73 1 37 16 52 67 89 92 61 54 76 74 24
100 3
95 71 3 65 8 22 62 59 95 47 71 53 4 32 2 83 38 4 2 14 64 5 4 37 10 71 47 8 77 87 11 86 37 23 23 50 98 47 35 81 62 44 50 12 20 23 71 59 56 92 90 80 26 73 71 65 19 4 65 7 90 39 92 32 5 74 76 20 41 74 82 98 82 98 98 95 17 19 74 94 98 8 19 58 4 35 66 30 56 91 76 2 5 74 65 5 7 66 94 32
100 3
32 30 16 70 72 29 97 85 37 97 19 82 88 20 46 73 67 29 25 21 29 88 87 52 76 34 65 89 52 10 46 55 12 26 16 73 82 40 2 94 34 4 33 22 16 26 17 76 37 49 89 95 4 98 13 34 13 88 82 73 45 71 75 14 78 38 10 94 79 7 7 17 97 49 57 52 94 1 13 13 94 64 89 88 34 57 10 7 79 34 91 41 6 16 34 33 2 55 57 56
100 3
53 68 88 49 49 50 41 89 94 62 89 8 10 7 41 1 23 17 98 79 58 70 92 75 47 16 44 32 21 88 13 29 35 23 52 32 89 14 71 92 70 65 35 83 64 98 74 40 92 67 53 62 50 50 92 46 77 2 72 42 56 93 86 71 55 6 21 56 13 35 62 83 47 53 17 53 23 48 64 62 89 11 73 43 83 35 35 5 80 86 26 81 83 56 17 6 91 44 58 42
100 3
8 82 67 98 34 43 41 74 85 7 83 90 83 46 84 82 70 38 52 45 9 64 17 49 50 16 38 69 10 61 13 31 70 22 17 2 52 89 9 50 20 5 68 8 70 16 19 94 97 72 97 71 72 91 17 16 20 57 21 48 56 88 60 46 22 70 44 80 79 7 73 86 46 68 84 59 94 73 46 67 64 79 43 28 64 37 25 37 3 25 58 88 37 67 14 79 71 42 8 34
24 3
85 25 91 15 1 37 53 4 79 37 91 25 34 97 52 80 25 32 35 14 44 68 62 76
100 3
31 62 49 4 55 28 82 92 13 32 22 84 81 50 82 3 78 61 84 57 89 64 58 85 61 88 1 46 22 79 58 82 82 34 46 16 41 52 31 46 91 60 65 70 40 34 74 24 40 43 7 49 61 22 37 20 58 55 40 88 25 52 20 48 52 22 28 25 64 76 37 14 10 97 10 34 26 61 43 58 25 82 70 61 64 40 92 5 67 85 58 55 32 74 73 89 86 58 57 4
100 3
7 66 17 40 25 73 65 40 53 90 13 1 8 55 34 2 28 5 4 47 85 46 57 79 46 39 62 37 83 97 50 59 46 62 84 97 29 83 32 83 45 10 73 43 29 91 43 49 82 88 91 55 27 91 88 53 41 28 62 43 79 23 58 67 52 25 96 26 61 25 82 28 73 65 35 4 51 46 8 11 79 4 47 76 76 52 68 13 67 62 31 39 89 1 3 4 4 47 91 35
100 3
55 50 17 2 55 35 16 39 68 43 5 20 36 80 26 57 98 71 49 8 83 98 64 7 1 28 98 59 21 17 98 23 42 23 73 64 88 89 36 76 77 74 31 69 32 71 65 53 22 44 44 56 23 8 2 14 70 14 62 38 76 9 77 20 52 10 11 92 44 59 61 47 16 2 70 98 22 28 39 97 92 79 89 20 11 95 74 23 55 68 94 12 25 23 29 89 65 74 27 7
100 3
14 11 23 59 7 8 1 22 63 93 20 94 56 74 56 89 26 73 83 36 23 25 71 70 20 58 19 5 67 80 59 91 5 47 80 40 79 98 16 52 50 62 74 83 30 43 25 65 28 11 28 42 73 47 61 80 29 95 18 65 43 50 44 38 83 48 68 5 41 47 28 51 10 78 83 14 65 44 31 25 22 2 62 2 83 38 79 49 32 29 91 87 80 58 35 40 10 65 55 1
100 3
18 48 25 73 25 29 91 20 23 88 7 71 15 28 34 37 5 72 23 37 53 77 53 40 79 73 55 13 67 35 53 73 58 13 52 68 43 77 57 97 43 77 11 73 13 58 34 29 31 59 66 71 49 85 10 82 76 73 19 19 29 7 76 37 85 9 59 46 49 20 55 34 86 1 82 44 97 16 91 9 22 22 94 53 80 66 49 63 31 21 80 34 79 54 39 31 34 88 29 68
100 3
66 22 82 65 68 94 88 44 70 82 40 49 64 54 28 94 7 58 89 2 31 49 26 7 31 28 46 64 6 74 7 79 19 8 76 98 61 68 68 61 66 82 85 97 79 62 40 83 59 19 62 13 32 73 58 64 31 22 49 97 50 19 19 47 14 32 93 52 25 85 79 23 65 40 52 29 44 25 55 74 20 92 62 67 23 68 22 43 85 74 58 25 8 67 67 2 34 19 77 6
100 3
83 52 37 50 73 55 16 6 77 37 49 82 5 65 7 46 92 26 38 72 97 61 92 38 47 60 34 42 1 85 91 13 80 1 98 82 19 67 21 92 52 88 35 81 39 56 61 4 40 16 27 62 22 49 16 94 46 91 4 61 70 87 31 46 23 40 52 97 23 74 94 55 55 70 91 55 67 94 40 8 85 7 60 6 5 36 5 77 7 7 52 34 6 89 22 65 59 58 4 85
1 3
53
100 3
67 88 52 55 73 14 83 85 65 19 8 97 62 26 83 2 66 27 94 98 62 38 65 10 71 26 25 20 81 56 34 89 86 17 61 89 14 56 26 2 38 86 49 47 11 69 26 65 23 5 54 65 56 61 43 44 74 17 68 44 47 86 39 28 31 83 29 70 26 34 67 2 26 89 73 25 68 18 67 28 92 62 41 23 77 85 42 82 77 23 31 71 84 56 29 93 50 98 53 44
100 3
41 40 96 4 36 61 59 80 92 83 59 38 59 59 62 91 59 7 11 79 14 41 98 42 11 74 29 33 41 14 19 16 20 17 93 74 30 68 74 11 16 47 68 32 76 80 34 44 53 98 3 47 71 43 38 76 56 39 14 71 2 68 71 29 86 62 62 20 91 49 11 42 11 29 89 44 52 74 23 52 40 5 39 47 92 81 32 29 61 2 94 20 5 6 89 77 11 77 26 74
100 3
22 47 7 4 77 88 20 76 73 1 46 70 70 34 59 86 58 47 23 35 44 43 11 83 49 89 73 62 17 95 49 5 20 83 22 26 1 44 40 79 76 50 16 7 37 59 2 14 89 32 4 97 55 55 47 65 95 94 1 73 74 68 61 80 25 34 23 95 68 53 65 83 73 79 1 68 82 70 89 59 40 92 14 23 59 79 89 88 26 53 26 23 47 25 35 53 13 65 95 37
100 3
97 28 71 25 91 70 8 37 10 49 61 15 8 79 22 38 40 8 94 25 7 22 61 70 67 53 91 76 25 73 55 44 22 47 76 10 26 52 22 69 74 25 5 46 54 25 34 70 88 52 30 12 6 34 2 83 24 92 13 5 80 62 98 88 37 37 49 58 94 20 15 16 44 65 94 97 55 76 23 70 62 73 91 70 97 61 13 70 19 29 8 49 55 32 80 97 58 70 34 55
100 3
76 74 40 23 79 68 27 38 1 7 44 20 40 52 44 7 37 7 98 70 89 77 70 19 48 43 7 65 83 77 58 20 61 38 86 73 35 23 60 74 44 10 45 43 38 88 27 43 69 25 16 30 50 85 74 14 61 31 2 57 52 39 23 76 79 76 80 46 49 97 73 64 63 49 79 63 56 35 16 22 28 67 23 67 22 37 4 89 49 85 73 52 23 7 61 87 29 52 78 34
100 3
9 74 59 2 64 38 64 89 52 25 91 53 85 53 22 59 26 5 56 41 11 1 8 74 40 35 44 17 29 70 73 21 20 91 89 71 81 85 45 38 58 53 44 74 44 89 35 29 68 11 2 56 32 95 53 64 53 28 91 44 86 47 78 77 83 56 2 21 14 18 71 65 41 68 4 24 50 78 43 86 68 5 79 67 16 41 94 82 58 26 71 12 62 8 32 34 80 53 32 37
26 3
67 83 14 28 76 77 8 46 49 10 7 43 80 73 44 97 28 64 74 73 46 32 25 85 40 97
100 3
43 52 10 13 58 79 40 41 1 55 12 91 74 82 19 37 1 28 32 61 14 95 91 94 40 22 29 34 47 85 89 50 58 76 74 17 13 88 93 7 25 14 68 47 1 82 1 14 43 54 13 40 76 80 64 61 11 39 13 58 88 11 53 80 27 1 20 37 40 35 87 52 55 85 63 20 28 79 19 79 49 62 65 73 58 40 71 31 92 63 67 94 30 2 55 43 83 40 1 97
100 3
47 2 4 30 86 2 66 36 17 74 1 91 89 29 19 87 47 31 89 53 10 49 56 29 94 1 71 68 78 27 41 22 53 37 92 13 98 9 41 62 29 91 79 20 2 67 8 40 74 62 92 40 97 47 53 4 50 5 89 74 11 67 26 20 73 88 28 65 40 95 28 89 70 92 53 23 11 98 25 97 74 34 41 17 5 23 70 38 56 77 60 50 46 56 86 95 11 53 74 47
100 3
67 61 34 33 44 17 72 40 38 94 45 71 97 16 94 86 80 43 37 61 40 70 2 70 67 70 64 25 7 79 44 43 65 52 40 32 52 73 23 31 86 38 58 91 13 19 52 41 73 16 58 64 13 19 26 10 10 48 58 88 45 16 56 76 90 32 31 26 82 23 64 79 9 85 31 80 79 28 70 6 8 13 11 96 56 79 75 63 72 61 77 26 20 25 34 11 94 94 88 26
3 3
74 53 38
100 3
95 58 34 98 58 76 25 70 4 44 56 81 23 89 2 19 89 92 95 52 44 62 20 64 21 50 88 25 9 44 85 88 94 98 58 7 62 32 65 60 11 5 35 32 41 29 13 68 35 11 51 73 89 25 64 89 53 34 23 47 44 5 68 73 74 64 22 15 17 46 11 2 2 83 86 57 23 22 17 95 8 7 49 98 92 35 98 41 72 23 38 71 8 80 38 64 55 59 73 26
100 3
77 17 67 14 55 41 56 10 37 29 19 38 15 8 67 60 29 80 11 53 56 14 64 43 41 97 74 56 96 59 12 77 61 27 23 4 26 89 62 56 11 17 46 13 5 16 94 20 15 4 14 30 59 44 32 59 90 83 79 47 8 3 17 88 47 41 34 46 35 75 44 55 55 26 43 67 38 59 8 83 29 70 59 82 68 3 26 29 87 31 17 45 53 17 82 89 76 29 23 29
100 3
59 14 89 70 95 91 11 31 40 69 35 20 41 37 83 47 98 83 10 41 94 71 69 31 53 89 82 12 79 47 94 65 77 43 84 38 2 89 31 59 72 98 50 94 32 74 53 92 13 20 53 59 78 50 50 10 17 38 73 95 71 38 38 29 35 65 2 49 96 91 68 65 98 50 8 26 98 53 95 92 36 5 62 59 87 29 59 96 57 29 55 80 20 32 17 29 10 53 35 48
100 3
4 16 16 80 43 13 97 62 13 37 38 88 31 28 70 61 53 10 49 7 67 59 40 94 89 78 79 70 70 34 10 43 7 4 80 70 2 83 37 80 19 85 58 37 14 97 34 55 25 82 82 74 71 29 12 79 19 32 55 79 49 71 1 44 92 73 11 94 5 59 55 11 12 79 75 83 58 61 25 4 85 76 37 14 91 70 80 43 31 76 16 47 31 70 95 55 13 25 55 10
100 3
7 55 88 88 22 73 4 23 71 65 97 43 75 55 88 54 40 91 10 30 56 34 15 37 65 64 70 34 13 46 52 65 97 95 76 74 88 49 11 46 83 88 49 52 28 49 41 47 11 70 71 2 71 73 74 76 79 71 20 64 46 98 74 1 78 1 43 28 31 22 16 49 37 70 19 80 20 7 70 52 28 82 91 64 17 13 73 39 70 25 61 31 63 67 65 16 14 97 64 65
100 3
89 7 40 79 61 59 34 94 73 97 30 97 17 14 52 58 62 79 88 28 19 73 73 88 80 4 29 74 56 9 13 82 13 25 66 24 62 74 88 17 71 94 91 68 14 82 92 26 26 49 6 13 82 43 61 97 54 63 17 79 41 31 22 19 79 77 1 77 79 74 73 64 32 34 58 2 20 20 98 11 80 98 78 17 55 1 52 52 34 62 94 41 53 71 76 40 61 31 68 10
100 3
70 20 92 40 5 28 58 38 38 80 8 52 13 77 26 43 92 40 76 62 28 28 53 65 73 61 43 27 71 68 14 17 59 77 74 89 85 15 58 2 32 7 88 50 59 5 31 89 46 95 3 72 31 68 65 17 77 25 77 77 86 65 82 19 7 65 64 2 23 15 98 80 2 86 47 7 80 19 1 74 91 8 63 97 71 21 95 89 98 92 37 43 32 61 89 54 20 32 29 19
100 3
28 20 22 83 82 22 94 79 34 8 72 97 4 46 73 76 83 67 22 55 52 56 4 1 28 77 43 34 41 39 28 46 46 62 52 91 94 67 97 43 49 28 64 7 47 10 61 13 71 98 61 10 16 57 40 73 28 49 28 54 38 79 5 26 85 26 27 92 4 56 15 76 8 4 37 25 97 7 28 13 10 46 46 71 4 85 34 91 38 20 74 47 46 61 43 34 52 79 70 37
100 3
50 15 67 65 95 88 59 56 74 93 86 74 58 56 32 7 77 38 80 92 65 19 67 53 44 59 14 77 13 95 7 85 77 35 89 66 80 5 71 98 62 52 49 31 82 80 97 17 35 56 48 35 74 44 90 41 11 28 32 18 77 71 38 80 2 5 20 14 71 8 37 34 28 86 5 29 62 95 85 97 73 53 14 13 80 86 8 59 38 93 64 87 86 26 46 37 11 2 52 77
100 3
73 95 23 41 94 97 70 85 50 33 23 80 37 55 70 67 1 86 34 58 92 49 88 88 33 17 41 31 7 46 80 13 25 17 97 26 61 82 16 4 92 73 32 31 45 88 19 73 25 82 1 49 82 31 71 26 34 12 91 67 77 32 26 70 64 97 11 14 34 4 76 59 70 70 73 1 64 2 31 15 22 1 12 95 46 1 76 16 76 73 41 19 57 13 94 35 52 33 65 97
13 3
97 73 44 58 14 77 44 37 13 41 60 44 97
1 3
46
100 3
88 97 88 88 27 1 36 66 67 40 58 80 21 67 76 25 60 91 46 43 46 95 5 79 90 55 20 98 5 53 82 64 25 79 28 17 31 15 40 49 66 76 98 61 4 31 85 58 46 94 75 24 37 52 51 7 64 13 49 47 28 10 47 58 13 58 19 97 17 85 64 35 1 86 73 14 76 33 41 64 12 73 46 46 1 92 58 82 85 37 4 27 43 13 25 56 40 10 49 7
100 3
47 82 77 16 65 59 77 52 86 47 92 70 23 29 71 34 82 6 29 71 42 46 23 60 68 7 14 56 25 80 17 69 92 50 89 23 29 34 81 62 67 98 38 62 79 49 32 20 46 71 93 80 97 7 80 64 64 68 31 62 88 98 53 16 9 74 35 62 55 42 41 73 47 79 17 22 22 31 40 68 65 68 2 79 47 7 14 87 58 8 14 48 50 76 74 40 77 53 3 79
100 3
16 83 7 68 74 29 35 86 29 23 96 95 62 86 58 67 79 16 50 26 34 83 53 96 71 5 78 98 89 32 92 39 77 34 59 40 25 62 74 44 23 28 26 38 54 74 16 56 64 68 2 45 4 52 20 23 65 92 91 55 92 76 43 26 12 8 74 81 37 17 9 64 26 83 62 69 92 74 10 91 29 23 1 86 44 1 79 50 98 30 88 29 63 17 53 50 14 49 17 19
16 3
43 1 83 76 58 32 23 8 68 32 64 67 11 22 28 83
100 3
11 2 74 1 63 54 87 31 83 55 56 29 30 62 11 16 92 79 20 75 13 65 14 44 80 41 85 3 91 82 90 23 55 17 65 50 32 59 86 43 94 52 32 5 40 62 95 69 59 34 8 82 11 68 98 7 86 65 37 20 89 41 29 23 33 34 60 21 74 35 35 79 59 26 60 5 61 91 65 29 26 10 17 17 26 62 2 41 89 74 80 89 65 45 51 20 78 26 8 91
19 2
78 40 72 54 29 66 78 33 45 45 23 80 92 21 18 27 50 43 82
100 3
16 22 58 62 80 40 93 61 85 1 4 41 83 26 1 46 83 37 54 74 61 7 37 28 76 58 94 91 67 53 64 64 20 43 27 43 4 26 7 4 8 91 37 34 20 37 55 91 13 61 88 48 43 24 69 67 13 13 52 26 76 31 96 44 22 89 19 49 41 31 80 1 59 3 19 88 47 82 28 82 49 47 14 10 46 49 91 28 80 71 79 49 61 7 40 9 89 16 18 1
100 3
74 80 23 44 86 92 67 34 29 35 25 80 89 63 98 29 65 13 47 20 98 31 49 17 26 86 65 28 17 79 56 92 85 74 53 44 65 72 94 87 50 38 91 56 94 4 47 68 25 61 29 21 44 71 94 38 5 22 48 94 26 49 39 89 34 29 93 20 44 11 29 29 80 83 98 67 2 25 47 17 88 47 85 11 65 27 86 65 79 38 79 68 14 10 20 83 47 50 74 90
1 2
60
18 3
68 58 46 26 16 2 23 60 70 88 24 67 79 23 40 35 73 43
100 3
55 89 80 20 15 14 95 23 1 89 95 38 50 10 2 64 31 50 40 16 32 11 26 68 46 55 47 68 22 3 83 48 41 80 37 23 31 89 77 26 37 73 34 64 93 95 54 79 43 28 71 28 53 62 5 89 57 65 77 86 80 47 62 32 63 32 79 29 74 77 88 83 44 44 17 89 40 17 98 62 75 71 71 29 5 48 95 38 23 38 83 32 47 68 17 23 62 67 86 20
100 3
47 94 2 40 44 29 35 47 8 2 41 56 28 58 23 23 2 92 73 56 77 41 38 59 74 67 41 33 20 65 17 66 35 17 86 53 29 44 17 51 29 95 20 65 29 7 31 53 35 92 7 48 20 62 45 14 52 38 47 89 2 73 74 83 53 58 33 92 17 11 56 89 11 80 58 37 61 95 47 11 50 44 85 86 58 29 67 26 16 8 53 85 95 80 94 46 96 79 2 73
2 3
95 35
100 3
79 25 9 5 72 65 2 53 80 8 79 23 95 92 68 23 23 28 83 94 16 24 29 53 53 87 8 13 88 33 5 77 68 80 46 38 44 38 72 83 38 1 53 12 8 84 74 34 15 53 45 62 68 52 55 11 19 29 84 50 47 77 46 26 35 8 86 89 86 29 37 2 95 32 71 35 73 80 32 22 55 53 23 20 71 14 27 11 52 35 87 80 70 27 26 21 44 80 86 47
100 3
45 13 46 53 37 41 4 9 97 26 7 49 55 43 74 77 43 65 70 97 88 19 25 19 52 98 52 55 59 82 13 16 58 56 10 62 89 47 25 25 23 77 68 49 25 11 4 94 16 72 52 28 65 79 37 92 72 35 15 91 97 70 16 13 86 14 65 65 86 80 25 65 34 13 14 22 54 46 59 31 4 35 25 13 73 22 43 4 14 18 90 19 59 95 98 40 76 62 4 67
100 3
40 89 32 86 80 34 5 74 39 23 33 26 94 83 68 23 62 50 97 47 2 68 8 89 52 41 7 29 98 4 41 38 92 68 95 2 1 97 24 54 82 11 4 11 8 74 55 8 34 48 32 5 40 14 52 74 58 73 74 47 10 67 82 92 21 98 86 41 14 74 30 4 5 5 26 14 79 11 19 65 65 59 75 74 23 55 35 98 49 25 64 50 53 47 79 20 17 92 23 45
100 3
61 88 71 85 43 19 56 34 91 16 97 80 40 25 69 66 32 37 19 47 74 43 64 50 40 31 32 25 49 7 28 98 46 64 23 64 55 41 83 22 37 68 88 88 70 23 94 91 97 37 13 25 60 82 59 83 26 97 8 91 2 84 59 6 85 80 97 70 59 64 31 67 55 16 19 4 7 61 89 88 94 82 37 46 61 10 93 48 61 82 52 3 19 31 18 17 25 28 64 5
100 3
23 52 34 78 16 64 98 56 45 49 73 88 51 4 64 25 28 34 56 34 5 70 41 91 10 12 13 82 84 49 48 73 13 49 61 52 22 40 26 37 18 22 82 20 37 82 64 77 10 45 76 92 61 71 49 40 61 28 13 65 12 7 10 43 28 6 51 91 85 73 13 17 21 19 73 19 36 1 25 86 49 19 7 35 47 7 41 22 40 44 31 45 22 94 17 55 40 63 98 61
100 3
45 13 97 85 41 44 59 58 65 59 83 62 80 77 39 95 85 4 2 34 43 92 50 6 64 23 57 41 90 5 92 92 98 69 11 95 86 53 56 91 54 98 5 77 43 64 5 65 34 1 69 17 86 95 17 47 13 89 23 11 35 64 7 44 37 19 92 28 98 26 59 64 41 89 91 38 29 59 28 80 80 53 17 39 26 79 51 17 93 98 17 8 8 76 50 95 65 43 58 41
100 3
87 67 34 5 78 47 74 22 25 52 71 46 77 59 50 58 40 6 30 49 21 21 13 10 80 46 28 67 58 57 62 24 13 73 27 76 1 76 67 43 48 38 22 61 13 77 73 90 46 71 30 43 27 91 46 12 38 33 85 60 11 25 11 43 31 97 1 7 93 14 88 97 16 43 91 54 73 17 50 44 65 27 35 71 68 85 67 67 40 82 82 85 28 39 7 43 83 14 28 75
100 3
80 44 80 52 85 57 85 76 96 31 73 13 97 86 41 29 97 85 55 82 49 22 35 25 22 62 84 5 17 69 58 62 27 4 89 46 25 40 43 67 69 22 10 78 18 37 10 76 67 38 76 83 73 36 7 37 79 52 61 52 52 77 94 55 31 23 40 77 52 10 13 16 4 85 97 44 85 86 64 64 95 94 9 76 64 79 98 91 52 67 43 58 76 44 22 28 25 34 41 19
19 3
34 40 62 85 2 4 55 83 1 23 38 29 68 40 1 46 87 72 32
