100
4 3
4 5 6 4
4 2
4 5 6 4
3 3
1 1 1
4 4
47 23 43 51
17 4
17 65 17 17 87 39 29 11 43 95 75 17 57 83 53 79 11
100 3
55 19 59 95 46 50 75 52 58 49 4 20 80 40 32 5 85 74 58 49 8 40 97 28 77 85 51 90 26 67 44 91 28 12 20 72 44 23 22 82 19 28 70 4 57 34 2 69 58 73 25 36 40 71 20 31 61 57 47 13 79 62 23 70 75 95 89 86 89 91 55 34 85 11 53 79 10 50 79 50 73 70 68 91 94 67 38 2 2 92 28 76 19 70 61 70 43 64 32 52
1 2
86
100 4
59 21 96 78 75 2 60 68 29 50 6 37 53 50 42 93 82 5 45 66 72 41 5 61 58 85 47 21 58 45 85 82 62 81 89 35 42 85 61 64 34 79 57 93 61 13 73 73 85 97 5 33 82 61 65 6 66 90 89 31 33 46 89 3 36 18 25 85 42 94 94 21 34 9 53 69 27 7 21 58 82 39 14 32 58 69 94 37 7 25 37 9 9 65 85 23 85 25 82 10
1 3
73
100 4
19 50 33 61 45 39 87 2 66 31 27 21 1 41 65 58 53 54 89 29 54 13 23 19 50 58 74 51 91 71 95 57 65 62 82 94 53 85 23 25 78 85 6 77 14 87 2 3 30 93 65 61 9 18 73 18 6 86 77 31 87 78 9 38 59 51 43 1 38 61 10 55 95 75 67 94 35 35 55 45 26 30 87 74 93 85 63 27 26 50 75 10 15 69 14 45 75 9 83 97
28 4
77 55 97 77 33 7 23 17 85 89 73 25 85 69 5 15 37 59 1 39 1 5 77 29 25 75 3 17
20 4
77 76 17 5 80 81 59 37 53 83 31 59 23 59 25 76 65 87 60 76
100 3
86 38 83 29 68 2 46 7 43 25 1 22 31 7 16 64 71 38 59 34 17 56 17 62 25 28 37 2 5 13 11 34 50 37 11 35 2 82 26 92 43 70 14 85 97 79 28 29 2 53 13 70 46 28 2 8 77 34 25 20 52 40 50 16 49 92 4 7 70 8 88 14 11 68 28 97 89 14 43 26 16 16 46 26 73 95 79 7 76 94 44 70 47 74 64 14 34 10 13 25
20 4
82 77 89 93 5 83 13 13 87 11 83 15 75 53 38 11 51 27 58 13
23 4
94 61 39 24 2 5 11 19 60 51 67 29 32 40 13 4 53 65 81 38 83 63 17
100 3
73 88 40 59 4 34 80 21 44 43 69 73 38 7 49 8 94 49 95 54 25 67 86 49 7 77 88 58 1 47 25 7 60 5 4 97 50 18 5 21 12 76 65 38 4 86 16 97 72 44 98 40 90 15 24 25 71 82 25 19 16 91 53 22 43 34 17 92 14 34 16 58 64 26 62 19 49 93 64 53 19 87 74 73 8 40 37 26 47 65 22 13 61 82 26 89 4 1 52 31
32 4
85 79 21 7 11 63 29 35 62 89 71 5 95 15 35 5 91 3 13 7 39 3 18 74 35 55 23 63 75 15 50 57
100 4
97 48 95 78 54 73 61 28 55 14 18 5 44 80 76 77 70 56 17 62 89 60 74 28 40 13 20 20 71 93 32 75 34 58 96 84 88 26 52 3 54 59 35 47 10 85 21 79 30 1 89 44 33 52 46 64 77 47 46 14 42 71 24 75 70 62 7 65 86 55 81 7 69 87 26 21 67 88 34 41 46 43 87 19 5 4 42 76 15 24 19 73 79 12 47 73 69 26 63 93
12 4
35 23 73 59 27 37 63 85 7 33 65 53
22 4
74 47 49 17 1 17 74 81 51 77 71 55 61 43 19 50 1 77 73 90 65 58
25 4
63 82 44 47 37 23 20 43 88 27 15 69 23 26 21 37 71 53 43 61 25 4 11 67 54
1 2
79
3 3
23 2 77
28 4
89 18 88 27 62 46 28 51 91 50 93 36 82 55 87 7 34 11 25 28 93 39 59 9 87 84 61 71
19 4
65 13 53 35 43 89 15 77 19 45 75 9 43 22 55 21 5 68 3
1 4
89
100 3
56 59 52 97 73 26 17 5 36 20 77 4 44 83 20 17 50 95 89 32 86 77 34 76 53 95 86 14 10 89 97 65 43 13 37 48 76 65 25 67 8 38 13 71 59 28 75 53 71 50 47 61 20 18 31 10 83 77 15 32 41 90 24 62 41 20 58 44 86 56 32 77 7 65 80 92 56 14 95 34 83 91 41 35 5 14 94 17 31 74 86 7 35 30 23 58 50 85 65 23
23 4
24 59 19 3 15 44 17 37 19 76 75 54 67 64 19 63 93 43 16 77 37 89 79
27 4
7 75 77 97 81 37 45 54 9 57 71 73 97 73 66 33 85 93 29 95 66 17 39 19 57 52 43
2 2
97 9
16 2
71 69 72 20 1 3 90 20 60 52 40 67 84 25 24 54
17 4
65 9 95 21 33 3 31 45 85 95 89 27 57 53 3 49 97
19 3
43 47 16 95 41 55 65 98 10 41 79 60 26 44 23 55 65 11 82
22 4
1 19 91 9 20 85 37 43 1 69 13 93 53 69 60 31 12 11 13 19 12 39
18 4
3 41 59 59 27 5 70 33 73 43 33 31 97 77 19 77 3 35
100 2
42 67 40 87 87 61 64 40 11 40 93 71 2 24 29 75 64 91 14 88 41 90 84 24 27 63 61 7 31 58 66 4 53 54 81 43 11 71 85 5 93 12 71 94 84 17 94 79 4 83 84 18 36 54 43 64 97 52 80 75 14 74 76 50 35 97 97 73 14 77 61 91 56 78 29 74 37 35 84 97 80 59 39 29 92 36 8 81 2 42 95 62 70 6 11 80 15 65 2 90
18 4
71 21 37 67 43 33 61 29 27 69 63 47 64 31 97 83 55 61
100 3
53 91 44 53 67 15 64 71 79 39 52 53 23 2 59 85 25 6 57 26 86 92 32 80 38 52 20 68 95 56 86 57 21 39 60 88 87 95 40 1 64 26 59 80 41 63 89 29 58 91 31 95 83 23 58 74 51 34 59 98 14 55 5 38 83 65 4 95 98 89 86 69 41 82 32 11 90 80 53 74 58 80 53 73 92 74 10 79 38 46 97 88 8 41 25 47 74 32 7 44
18 3
36 76 63 85 55 88 98 56 17 32 70 98 9 92 63 17 7 34
1 3
12
1 3
77
23 4
19 87 7 84 73 5 49 54 37 1 55 86 82 9 86 3 11 85 81 61 31 91 66
14 4
73 3 45 51 63 7 91 89 1 56 16 33 79 17
100 3
59 71 47 83 55 98 41 83 47 91 2 6 54 46 29 25 55 44 44 74 65 32 53 14 82 40 38 20 83 8 77 47 23 95 95 5 2 77 29 74 65 21 43 78 2 38 66 94 61 62 41 23 47 5 77 62 50 68 61 35 56 71 16 80 58 41 25 38 95 92 5 10 92 49 14 92 95 98 44 29 17 61 66 20 37 29 73 70 52 27 76 9 98 55 91 23 7 43 25 71
100 3
65 79 53 29 68 26 43 92 21 17 16 77 1 91 40 14 12 23 2 56 23 18 36 19 40 97 41 16 2 65 35 40 75 40 38 5 4 86 85 62 89 59 5 1 47 23 65 41 56 22 76 56 44 48 86 41 35 32 83 14 47 41 54 88 50 20 89 75 57 5 96 35 83 74 92 42 59 4 1 91 12 19 47 74 89 35 1 74 77 59 57 35 50 28 62 94 47 83 59 47
100 3
8 1 26 94 10 25 58 31 28 25 44 37 17 79 5 34 37 95 91 67 40 43 44 73 47 50 79 22 4 55 59 1 10 3 55 38 37 11 35 13 70 37 14 31 71 64 25 31 87 89 20 64 38 37 40 94 25 37 58 20 52 14 14 49 40 26 35 82 52 8 19 28 88 82 7 87 65 55 61 85 6 57 49 88 89 93 79 59 8 4 50 55 83 59 13 25 97 88 7 1
100 3
77 50 55 21 67 82 40 73 86 2 82 4 92 41 56 7 47 16 10 23 69 81 19 94 8 67 76 52 8 91 26 79 29 95 43 19 34 85 19 19 81 70 61 49 18 5 70 47 31 28 49 20 56 43 22 86 22 46 49 55 19 86 73 10 2 34 23 49 56 44 65 88 53 92 26 10 29 22 25 97 67 73 98 11 7 50 19 94 52 51 91 49 92 81 76 92 32 44 25 94
21 4
72 55 49 76 25 95 83 45 22 9 56 80 53 7 73 17 32 21 35 75 15
100 4
25 21 89 38 6 30 69 94 23 63 77 50 41 54 33 10 17 21 89 62 3 13 35 65 38 11 49 60 31 17 27 1 88 93 41 78 61 54 37 17 31 94 31 1 5 22 29 14 13 46 57 26 87 14 61 50 21 85 1 95 33 57 67 22 65 46 53 34 66 29 53 9 93 94 22 66 57 65 5 65 6 22 97 1 11 17 97 51 25 66 73 3 29 45 6 54 97 33 37 95
100 4
43 27 26 95 34 94 74 86 71 14 91 25 49 79 93 54 19 88 21 31 75 51 51 51 67 21 95 65 46 31 14 75 63 3 3 91 83 90 17 94 95 87 63 91 75 3 64 15 55 7 67 55 79 11 22 94 26 55 67 22 39 14 35 91 75 83 94 69 51 15 71 88 66 81 55 82 60 39 74 3 35 74 91 32 45 22 11 49 36 1 43 9 82 23 97 6 59 34 69 55
100 4
78 37 65 75 81 25 85 70 63 2 95 63 5 31 95 46 19 75 50 87 70 97 10 66 15 25 57 77 21 21 15 86 85 13 40 49 35 86 50 2 46 17 42 43 90 37 86 22 13 66 63 31 43 11 13 93 73 83 2 89 67 53 77 23 59 86 13 19 78 9 22 11 87 85 81 34 59 19 83 51 66 58 70 63 31 13 17 2 47 86 30 14 87 21 13 58 46 43 37 74
2 3
10 61
19 4
7 1 95 31 77 29 39 65 33 21 89 19 53 93 17 21 92 33 69
16 4
97 79 33 47 45 66 63 84 77 11 21 51 81 77 75 35
15 4
76 23 87 3 3 31 35 39 93 61 49 37 9 9 69
20 2
81 21 55 81 17 72 58 22 65 46 78 32 94 14 55 59 14 76 54 21
23 4
59 67 73 51 29 51 20 53 52 19 81 31 71 53 11 74 49 96 77 47 36 83 79
25 4
86 37 6 53 1 79 77 3 97 50 41 17 8 13 29 65 42 46 26 91 71 77 87 29 5
15 4
91 83 58 65 28 75 39 52 45 59 81 33 85 67 89
100 3
14 91 41 74 77 59 67 28 47 58 10 52 71 94 23 26 83 50 40 47 11 97 58 49 14 26 68 89 92 19 8 65 58 58 86 46 5 77 59 49 46 28 59 58 2 35 94 53 16 56 29 52 16 67 41 28 98 22 83 83 26 28 31 43 13 7 43 46 94 46 38 22 35 43 17 20 2 59 59 19 83 20 61 34 91 5 7 28 47 29 23 25 13 91 4 68 77 4 4 40
100 3
64 69 97 79 8 7 19 79 38 28 17 97 1 79 94 38 16 45 47 53 70 68 64 28 58 71 97 23 50 69 80 62 1 34 10 54 2 89 91 76 37 82 20 37 56 70 58 51 96 44 79 50 97 47 25 45 67 40 40 94 11 32 7 28 59 55 71 50 28 23 23 88 49 58 10 64 65 28 82 74 16 9 13 52 7 85 75 67 25 73 20 95 52 52 93 91 28 10 37 91
100 4
18 62 27 51 37 33 9 7 55 51 67 17 7 14 74 23 62 19 15 42 83 8 6 91 63 81 20 23 39 75 83 94 42 82 11 18 85 73 55 43 50 67 47 89 54 46 2 79 90 67 15 90 91 94 15 55 53 70 71 19 58 31 34 87 46 54 91 91 79 28 47 25 71 34 71 35 73 60 43 94 11 35 43 26 59 82 43 23 66 68 55 27 43 18 59 65 75 49 27 74
25 4
9 21 5 94 41 3 57 9 75 57 37 37 69 97 25 15 65 83 1 5 55 51 53 75 52
16 3
95 25 70 67 52 92 40 17 29 65 7 7 55 88 37 92
18 4
33 43 19 29 5 49 33 63 97 69 43 45 45 47 91 73 37 10
100 3
28 76 56 22 19 31 43 67 1 65 35 37 67 49 22 19 93 31 94 28 95 7 55 49 79 47 84 58 67 34 54 85 1 73 61 26 94 37 44 70 29 74 58 7 28 37 39 19 8 63 7 58 76 46 31 46 58 32 19 34 97 92 34 13 82 31 43 68 86 55 40 97 36 5 41 48 2 71 94 21 85 86 7 46 92 25 52 98 53 97 95 91 19 25 77 97 58 79 89 53
2 4
65 65
22 3
95 84 32 50 32 28 26 36 27 28 38 91 17 47 61 24 44 83 71 19 71 27
3 4
30 94 54
2 4
51 75
15 3
56 91 11 84 28 88 43 89 64 98 4 4 74 44 47
2 3
86 77
100 4
21 75 41 15 79 70 90 46 19 26 77 7 45 58 67 94 15 31 85 51 49 79 47 86 27 55 22 39 3 91 22 42 67 51 55 69 66 71 75 67 67 12 23 22 70 46 70 60 35 10 83 43 66 91 19 90 94 39 91 38 95 1 19 27 12 27 31 63 34 97 19 34 6 65 91 6 30 50 19 53 94 2 15 43 6 85 55 6 87 11 94 55 51 43 67 47 78 27 95 83
17 4
27 29 46 45 9 72 31 91 75 6 25 61 39 84 63 90 49
1 4
55
100 3
88 60 23 57 40 58 39 68 83 81 83 58 37 57 40 14 90 74 56 41 84 6 61 86 19 23 81 22 13 18 79 71 53 18 71 42 26 33 24 3 83 56 51 74 65 89 85 48 86 25 20 67 25 86 12 16 19 90 92 50 78 46 53 63 13 79 82 55 66 97 27 35 39 39 57 81 15 61 17 96 81 16 68 53 11 25 56 42 24 97 52 9 91 37 62 28 58 20 47 91
29 4
37 85 42 25 77 39 1 95 47 7 37 33 13 53 21 25 37 3 41 25 41 73 77 55 73 59 29 97 31
100 4
86 5 81 69 90 47 59 22 9 74 23 97 57 89 40 37 53 86 49 54 94 74 37 9 49 61 69 14 54 29 97 17 55 43 46 33 69 65 97 90 85 72 21 51 25 63 69 97 25 17 78 77 97 74 78 37 29 57 65 36 17 45 21 77 45 9 74 25 27 61 73 1 83 9 35 64 54 23 77 86 5 77 34 25 9 22 62 49 42 94 81 34 78 81 62 85 32 26 70 74
100 4
24 85 34 45 31 55 37 36 5 26 2 42 97 3 84 35 1 38 75 83 15 18 69 57 65 14 5 45 85 53 36 36 29 31 38 57 42 49 59 88 29 77 50 73 44 66 97 77 21 43 14 29 70 25 69 13 85 49 37 72 74 95 57 73 93 97 55 97 89 97 30 85 57 25 41 79 55 77 3 15 78 93 77 86 62 15 7 31 1 18 23 41 70 93 5 34 58 15 9 67
100 3
35 85 82 10 44 13 52 58 61 55 73 22 64 23 91 20 27 38 28 46 75 17 43 71 13 40 10 94 1 74 61 31 2 2 26 4 94 43 49 85 14 32 22 49 91 20 26 62 7 55 52 43 7 87 5 36 64 5 1 79 88 34 77 19 76 25 52 55 33 2 88 79 46 23 74 53 5 95 97 19 34 98 64 82 13 4 50 16 79 32 29 50 91 86 46 42 76 77 83 7
19 3
58 49 44 88 88 18 11 83 92 59 58 10 58 97 46 4 91 61 17
16 4
42 17 87 95 3 91 18 45 97 63 65 82 23 58 9 53
100 3
38 53 71 95 86 94 67 17 77 34 95 80 5 2 26 22 92 77 23 80 38 74 38 34 85 53 44 17 94 59 72 92 14 43 95 53 49 5 11 14 91 68 95 15 19 83 98 16 59 92 65 86 17 20 14 89 89 71 86 20 27 15 94 98 71 2 44 18 4 17 31 93 92 31 52 68 90 82 65 95 89 58 92 62 89 38 13 35 33 47 35 2 46 26 61 86 49 20 92 48
20 3
68 22 88 18 97 19 35 72 64 70 9 97 18 49 49 89 95 44 1 97
3 4
55 15 47
18 4
39 23 63 21 81 54 9 69 39 27 14 77 55 6 71 76 17 81
22 4
37 13 20 5 72 51 65 25 15 65 17 31 35 93 17 60 40 39 92 13 27 25
2 4
34 26
18 3
40 53 81 57 80 14 17 88 38 78 82 52 26 19 6 88 36 59
24 4
3 61 15 5 87 31 83 67 83 11 11 43 39 27 61 19 91 11 32 81 17 23 13 45
25 3
37 62 61 76 34 10 13 67 23 43 14 58 37 92 80 46 85 41 1 88 7 16 80 65 40
18 3
31 49 38 83 82 73 88 91 11 65 89 8 6 77 16 2 28 59
1 4
38
100 4
26 5 7 38 10 43 32 71 15 47 35 10 39 91 51 87 50 91 55 43 15 3 14 15 41 17 78 46 57 43 26 39 47 49 68 4 27 26 7 91 57 91 46 47 70 67 62 43 33 59 79 31 78 2 31 39 59 7 97 24 70 18 24 87 90 2 2 92 31 3 11 79 67 3 92 13 23 45 7 91 47 28 19 78 47 63 51 91 59 16 15 15 55 69 68 39 95 82 19 45
1 4
36
100 4
7 68 55 39 95 37 6 11 71 39 4 86 12 95 75 3 55 21 6 66 75 33 64 70 14 91 93 27 23 39 63 47 31 66 35 2 50 91 7 35 7 67 35 69 94 79 34 81 58 55 71 15 38 90 83 80 14 23 54 66 29 27 5 83 15 38 78 7 39 3 75 18 58 75 27 75 13 50 74 53 11 39 47 41 59 11 67 91 66 7 87 47 75 19 53 18 31 71 70 79
14 3
16 68 25 55 5 56 76 65 13 55 7 71 53 11
20 4
25 17 9 93 75 17 21 87 50 89 97 65 59 97 95 9 92 69 23 45
17 3
67 56 1 74 4 80 49 49 97 86 8 11 7 26 82 65 16
13 4
5 81 21 91 18 69 19 63 33 55 3 21 55
